( |-----------------------------------------------------------------------------------------------------------|
( |                                                                                                           |
( |  ARQUIVO:       BNT1.dat                                                                                  |
( |  FORMATO:       PROGRAMA ANATEM 11.10.00 (AGO/20)                                                         |
( |                 PROGRAMA ANAREDE 11.04.00 (AGO/20)                                                        |
( |  VERSÃO:        JUL/2020 R0                                                                               |
( |  EMISSÃO:       ONS - DPL/EG/EGE/EGS/EGN                                                                  |
( |  COMPONENTES:   ANAT0                                                                                     |
( |                                                                                                           |
( |------------------------------------------ CONTATOS -------------------------------------------------------|
( |                                                                                                           |
( |  Equipe BD Anatem - ONS        -    bdanatem@ons.org.br                                                   |
( |                                                                                                           |
( |-----------------------------------------------------------------------------------------------------------|
( |  SITE - https://sintegre.ons.org.br/sites/8/93/paginas/servicos/produtos.aspx                             |
( |-----------------------------------------------------------------------------------------------------------|
( |  NOTA: Todas as informações aqui apresentadas foram fornecidas oficialmente pelos Agentes                 |
( |        responsáveis, como sendo representativas dos equipamentos instalados em campo.                     |
( |-----------------------------------------------------------------------------------------------------------|
(
( |-----------------------------------------------------------------------------------------------------------|
( |  NOTA: O campo "Pmin" foi atualizado com informações obtidas das Instruções Operativas do ONS             |
( |        vigentes em 05/04/2019.                                                                            |
( |-----------------------------------------------------------------------------------------------------------|
(
( Nb) Gp Co ( Nome ) Umn Umx (Pbas)(Qbas)(Pmin)(Pmax)(Qmin)(Qmax)(Rtrf)(Xtrf)(%)
   10 10    ANGRA1UN       1               520.  657. -211.  414.       1.970
   11 10    ANGRA2UN       1              1082. 1350. -600.  600.       0.950
   12 10 10 LCBARRUH       6               125. 174.8  -90.   70.       5.340
   13 10 10 LCBARRSI       2                          -140.   70.       5.340
   14 10    FUNIL-UH       3                30.   74.  -50.   50.      11.370
   16 10 11 FURNASUH       8               101.  152.  -50.   50.       7.680
   17 10 11 FURNASSI       5                          -160.   80.       7.680
   18 10 12 ITUMBIUH       6               201.  380.  -91.  100.       4.000
   19 10 12 ITUMBISI       6                           -91.  100.       4.000
   20 10    MARIMBUH       8               111.  186.  -80.   80.       6.320
   21 10    MANSO-UH       4                28.   54.  -20.   21.      19.200
   22 10    M.MORAUH       6                36.   52.  -20.   21.      22.160
   24 10    M.MORBUH       4                23.   45.   -6.  15.5      25.560
   28 10    PCOLOMUH       4                40.   82.  -25.   25.      13.640
   30 10    SCRU19UT       2                65.  220.  -95.  110.       5.804
   31 10    SCRU13UT       2                25.   84.  -30.   40.      18.480
   32 10    SCRU16UT       2                60.  175.  -90.  110.       6.667
   35 10    CORUMBUH       3                39.  127.  -60.   60.       8.993
   36 10 13 S.MESAUH       3               240.  420. -160.  160.       2.507
   37 10 13 S.MESASI       3                          -415.  287.       2.507
   44 10    GRAJA1SI   1   1                          -120.  200.
   38 10    GRAJA2SI   1   1                          -120.  200.
   41 10    VITOR2SI   1   1                           -30.   60.       18.72
   47 10    VITOR1SI   1   1                           -30.   60.       17.50
   48 10    IBIUNASI   4   4                          -270.  300.       2.859
   50 10    TPRETOSI   1   1                          -180.  300.
   53 10    GNAI--TG       3                    302.6 -100.  187.      3.3132
   54 10    GNAI--TV       1                    477.7 -241.  291.      2.1898
 9446 10    BATALHUH       2                 8.  26.8 -12.3   13.      30.434
44323 10    NPECANUH       4                15.   71. -15.9  45.0      17.680
  250 10    NPECANUH       2                10.   48. -10.7  25.0      29.920
44322 10    FONTESUH       1                10.   44.  -8.4  30.0      30.520
  253 10    FONTESUH       2                10.   44.  -8.4  25.0      24.990
  255 10    PPASSOUH       2                15.   50.  -10.  35.0      24.650
  257 10    I.POMBUH       2                9.6   26.  -4.4  10.0      32.340
  257 20    I.POMBUH       1              11.17   29.  -5.0  12.0      26.810
  257 30    I.POMBUH       1                17.   49.  -6.8  21.0      19.710
  257 40    I.POMBUH       1              17.18   50.  -7.5  16.8      19.710
  269 10    CSN---UT       2                    117.6  -47.  47.5      12.755
  300 10 14 EMBORCUH       4              112.1  298. -110.   98.       4.070
 9034 10 14 EMBORCSI       4                          -220.  170.       4.070
  301 10    JAGUARUH       4                65.  100.  -35.   35.      10.530
  302 10 15 NPONTEUH       3              115.1  170.  -50.   50.       5.810
 9035 10 15 NPONTESI       3                          -120.   95.       5.810
  303 10    SSIMAOUH       6               185.  280. -100.  100.       4.230
  304 10    T.MAR-UH       6                18.   65.  -15.   15.      16.200
  305 10 16 V.GRD-UH       4                50.   95.  -30.   30.       8.800
 9037 10 16 VGRANDSI       4                           -60.   60.       8.800
  306 10    GUILMAUH       4               21.5   35.  -17.   17.      30.000
  312 10    MIRANDUH       3                80.  130.  -40.   40.       8.610
  343 10    IGARAPUH       5                25.   42.  -14.   14.
  346 10    MESQUISI   1   1                           -60.  100.
  354 10    NEVE1-SI   1   1                           -60.  100.
  355 10    NEVE2-SI   1   1                           -60.  100.
 1500 10    IGARAPUT       1               32.1  131.  -15.   85.
 1594 10    PESTREUH       2                20.  58.9  -20.  18.6      20.800
 4044 10    FUNGRDUH       3               19.3  60.0 -47.4  19.7      13.846
 4039 10    QUEIMAUH       3               17.3  35.0 -15.5  17.4      24.324
 4064 10 17 IRAPE-UH       3               55.5 126.3 -63.0  47.7       8.340
 9041 10 17 IRAPE-SI       3                           -72.   72.       8.340
 4042 10    AIMOREUH       3                35. 110.2 -70.0  36.2       7.740
 1496 10    BAGUARUH       4               7.7335.136 -31.2  25.6      30.730
(
( Nb) Gp Co ( Nome ) Umn Umx (Pbas)(Qbas)(Pmin)(Pmax)(Qmin)(Qmax)(Rtrf)(Xtrf)(%)
( 400 10    H.BORDUH       2    35.   17.   10.   35.  -18.   17.      26.500
( 400 30    H.BORDUH       2    62.   18.   15.   62.  -33.   18.      14.350
( 407 20    HBORD2UH       3    64.   18.   15.   64.  -32.   18.      14.350
( 401 10    HBORD-UH       1    62.   18.   15.   62.  -33.   18.      15.500
( 401 20    HBORD-UH       4    70.   35.   20.   70.  -34.   35.      15.600
( 401 30    HBORD-UH       2    70.   35.   20.   70.  -34.   35.      15.700
(
( Nova Configuracao - UHE Henry Borden - GERADORES
( Nb) Gp Co ( Nome ) Umn Umx (Pbas)(Qbas)(Pmin)(Pmax)(Qmin)(Qmax)(Rtrf)(Xtrf)(%)
 7451 10 91 HBORDEUH       2                10.   35.  -18.   17.      26.500
 7452 10 92 HBORDEUH       2                15.   62.  -33.   18.      14.350
 7453 10 93 HBORDEUH       3                15.   64.  -32.   18.      14.350
 7454 10 94 HBORDEUH       1                15.   62.  -33.   18.      15.500
 7458 10 95 HBORDSUH       4                20.   70.  -34.   35.      15.600
 7459 10 96 HBORDSUH       2                20.   70.  -34.   35.      15.700
(
( Nova Configuracao - UHE Henry Borden - SINCRONOS
( Nb) Gp Co ( Nome ) Umn Umx (Pbas)(Qbas)(Pmin)(Pmax)(Qmin)(Qmax)(Rtrf)(Xtrf)(%)
 7461 10 91 HBORDESI       2                           -18.   17.      26.500
 7462 10 92 HBORDESI       2                           -33.   18.      14.350
 7463 10 93 HBORDESI       3                           -32.   18.      14.350
 7464 10 94 HBORDESI       1                           -33.   18.      15.500
 7468 10 95 HBORDSSI       4                           -34.   35.      15.600
 7469 10 96 HBORDSSI       2                           -34.   35.      15.700
(
  403 10    PIR88-UT       2                21.  100.  -75.   75.       9.200
  404 10    PIR230UT       2                31.  135.  -86.   86.      10.700
  405 10    NPIRA1UT       2                60.  94.0  -64.  117.       9.421    ( UTE Fernando Gasparian - Nova Piratininga
  406 10    NPIRA2UT       2                60.  94.0  -64.  117.       9.421    ( UTE Fernando Gasparian - Nova Piratininga
  500 10    A.VERMUH       6               125. 232.7  -90.   90.       4.100
  501 10 25 I.SOLTUH      20                90. 171.5  -50.   50.       6.580
  531 10 25 I.SOLTSI       4                          -168.   60.       6.580
  502 10    JUPIA-UH      10                25. 110.8  -48.   48.       9.630
  502 20    JUPIA-UH       2                25. 110.8  -48.   48.       9.630
  503 10    JUPI--UH       2                25. 110.8  -48.   48.       9.950
  506 10    JURUMIUH  1    2                21. 50.48 -18.8  18.6      25.894
  507 10    CAPIVAUH  2    4                80.154.75  -77.   77.       8.380
  508 10    CANOA1UH  2    3                 8.  27.5   -6.    8.      37.937
  509 10    CANOA2UH  2    3                 7.   24.   -8.   10.      37.329
  510 10    PPRIMAUH      14                30. 110.0  -45.   45.      11.070
  511 10    ROSAN1UH  1    2                40. 88.50  -36.   36.      12.721
  505 10    ROSAN2UH  1    2                40. 88.50  -36.   36.      12.721
  512 10    S.GRD-UH  2    4                 7. 18.45   -9.    9.      25.325
  513 10    TAQUARUH  3    5                40. 105.0  -48.   48.      10.885
  514 10    CHAVANUH  2    4                51. 103.5  -50.   50.      11.408
  515 10    BARIRIUH       2                15.  45.6  -23.   23.      20.200
  524 10    BARIR2UH       1                15.  45.6  -23.   23.      20.200
  516 10    BBONITUH       4                6.5  35.2  -14.   14.      27.200
  517 10    IBITINUH       3                12.  43.8  -18.   18.      26.250
  518 10    N.AVANUH       3                47. 110.5  -48.   48.      11.010
  519 10    PROMISUH       3                31.   88.  -47.   47.      10.620
  520 10    3IRMAOUH       5               140. 161.5  -50.   50.       6.580
  521 10    CACONDUH       2                     40.2  -25.   25.      24.600
  522 10    ECUNHAUH       4                13.  27.2  -17.   17.      30.000
  523 10    LIMOEIUH       2                4.4   16.  -8.5   8.5      40.200
  525 10    JAGUA-UH       2                 3.  12.5   -9.    9.      60.180
  526 10    PARAIBUH       2                20.   43.  -26.   26.       20.02
  532 10    EMBU--SI   1   1                          -175.  250.       3.760
  533 10    SANGELSI   1   1                          -175.  250.       3.760
  750 10    C.DO11UH       2                 5.   17.   -8.    8.       32.57    ( UHE Cachoeira Dourada - UG01 e UG02
  751 10    C.DO13UH       2                30.   54.  -25.   25.       45.57    ( UHE Cachoeira Dourada - UG03 e UG04
  752 10    C.DOU1UH       1                30.   54.  -25.   25.       49.30    ( UHE Cachoeira Dourada - UG05
  753 10    C.D13NUH       3                70.   84.  -35.   35.       28.32    ( UHE Cachoeira Dourada - UG06, UG07 e UG08
  754 10    C.D13KUH       2                60.  102.  -45.   40.        8.62    ( UHE Cachoeira Dourada - UG09 e UG10
  800 10 20 GBMUNHUH       4               240. 418.5 -200.  200.        3.36
( UHE Gov. Bento Munhoz: alterado o no. de UG que operam como CS de 3 para 4 conforme documento CD-CT.S.5SU.01-Rev.70
  801 10 20 GBMUNHSI       4                          -372.  325.        3.36
  804 10 21 GPSOUZUH       4                15.   65.  -33.   34.       19.06
  805 10 21 GPSOUZSI       3                           -43.   58.       19.06
  808 10 23 GJRICHUH       4               235.  310. -150. 111.7        4.08
  809 10 23 GJRICHSI       4                          -250. 164.7        4.08
  810 10 22 GNBRAGUH       4               165.  315. -100.  92.5         4.2
  811 10 22 GNBRAGSI       4                         -206.2 172.5         4.2
  802 10    ARAUCGUT       2               117. 157.6  -80.  105.       6.823
  803 10    ARAUCVUT       1               58.5  169.  -72.  109.       6.823
  806 10    SCLARAUH       2                35.   61.  -29.   29.       17.91
 2475 10    FUNDAOUH       2                35.   61.  -29.   29.       17.91
  904 10 34 ITA---UH       5               200.  290.  -90.   90. 0.037 4.615
  905 10 34 ITA---SI       4                          -230.  160. 0.037 4.615
  907 10    JLA12AUT       2                35.   50.  -12.   16. 0.45216.966
  909 10    JLA34AUT       2                33.   66.  -21.   24. 0.60012.758
  911 10    JLA56BUT       2                80.  131. -15.5  68.5 0.15  8.974
  913 10    JLA7C-UT       1               180.  363.  -61. 164.5
  915 10 35 MACHADUH       3               260.  380.-146.6  140.       4.131
  916 10 35 MACHADSI       2                          -320.  240.       4.131
  917 10 30 PFUNDOUH       2                70.  116. -57.5  57.5 0.424 9.330
  918 10 30 PFUNDOSI       2                          -103.   82. 0.424 9.330
  919 10 31 SOSO14UH       4               129.  182.  -40.   53. 0.046 6.676
  920 10 31 SOSO14SI       4                          -117.  109. 0.046 6.676
  921 10 32 SOSO56UH       2               129. 177.5  -45.   62. 0.108 6.782
  922 10 32 SOSO56SI       2                          -127.  130. 0.108 6.782
(  925 10 33 SSANTIUH       4               270.  355. -117.  117. 0.034 4.455    ( Grupo 10 - UG 3 e 4 - Antigas
  925 20 36 SSANTIUH       4               270.  355. -117.  117. 0.034 4.455    ( Grupo 20 - UG 1 e 2 - Modernizadas
(  926 10 33 SSANTISI       4                          -291.  195. 0.034 4.455    ( Grupo 10 - UG 3 e 4 - Antigas
  926 20 36 SSANTISI       4                          -291.  195. 0.034 4.455    ( Grupo 20 - UG 1 e 2 - Modernizadas
  931 10    ALZANTUH       2               18.9   37. -16.5   14.       29.37
 2863 10    SPILAOUH       2               22.8   95.-44.15 44.15       11.85
 1040 10    RINCON-R   1   1                    9999.-9999. 9999.
 3964 10    CBRAV-UH       3               120.  150. -65.3   52.  .175 7.123
 3968 10    SSALV-UH       2                60. 121.6 -58.8  58.8       8.710
 1100 10    IPU-50UH      10               420.  750. -433.  433.       2.042
 1107 10    IPU-60UH      10               420.  720. -268.  306.       2.027
 1155 10 40 ITAUBAUH       4                75.  125.  -60.   61.       9.453
 1156 10 40 ITAUBASI       2                          -110.   95.       9.453
 1162 10    JACUI-UH       6                18.   30.   -8.   13.      50.564
 1164 10    URUG-GUT       2               120.  185.  -80.   80.       8.350
 1165 10    URUG-VUT       1                60.  264. -105.  120.        5.57
 1175 10    PREAL-UH       2                40.   76.  -31.   45.       14.13
 1176 10 41 DFRANCUH       2                32.  62.5  -33.   26.      17.143
 1177 10 41 DFRANCSI       2                           -50.   40.      17.143
 9220 10    SJOSE-UH       2                 8.  25.5-12.35 12.76       43.28
 9218 10    PSJOAOUH       2                10.  38.5  -15.  19.4       27.46
  983 10    MAUA--UH       3               60.0 119.5 -57.6  45.0         9.2
  984 10    MAUA--PC       2               2.85   5.7  -2.5   1.8       193.5
 9735 10    GARIBAUH       3               31.1  63.0 -32.3  32.3       17.78
 9824 10    MARME2SI   2   2                          -100.  100.
 9986 10    KLACELUT       1                4.  164.0  -53.   95.        6.70
 9986 20    KLACELUT       1                4.  164.0  -53.   95.        6.70
 2600 10    MASCA-UH       2                28.  41.0-23.97 23.97      24.030
 2600 20    MASCA-UH       2                15.  49.5-23.97 23.97      22.970
 2601 10    SUICA-UH       2                     15.8  -7.6   7.6      48.980
 2602 10    R.BOT-UH       3                      5.6  -2.7   2.7      104.25
 5006 10    PAFO1GUH       3                50.   60.   -9.   12.      21.124
 5009 10    PAF2G1UH       1                70.   70.  -39.   23.      13.480
 5010 10    PAF2G2UH       1                70.   70.  -39.   23.      14.220
 5011 10    PAF2G3UH       1                70.   75.  -39.   25.      19.910
 5012 10    PAF2G4UH       1                51.   76.  -67.   54.      12.400
 5013 10    PAF2G5UH       1                51.   76.  -67.   54.      15.780
 5014 10    PAF2G6UH       1                51.   76.  -67.   54.      15.520
 5015 10    PAF3G1UH       2               151.  200. -144.   97.       5.550
 5016 10    PAF3G2UH       2               151.  200. -144.   97.       6.017
 5022 10    PAFO-4UH       6               251.  380. -230.  205.       2.671    ( P = 380MW
( 5022 10    PAFO-4G1       6               251.  410. -182.  205.       2.671    ( P > 380MW
 5030 10    ASALG1UH       2                51.  100.  -43.   48.       11.77
 5032 10    ASALG3UH       2                51.  100.  -43.   48.       11.77
( 5051 10    LGONG1UH       3               180.  190. -140.  142.        4.11    ( P = 190MW
 5051 10    LGONG1UH       3               180.  230. -120.  125.        4.11    ( P = 230MW
( 5051 10    LGONG1UH       3               180.  250. -110.  115.        4.11    ( P > 230MW
( 5054 10    LGONG4UH       3               180.  190. -140.  142.        4.11    ( P = 190MW
 5054 10    LGONG4UH       3               180.  230. -120.  125.        4.11    ( P = 230MW
( 5054 10    LGONG4UH       3               180.  250. -110.  115.        4.11    ( P > 230MW
 5061 10    XINGO-UH       6               311.  500. -220.  173.        2.50    ( P = 500MW
( 5061 10    XINGO---       6               311.  527.  -52.  173.        2.50    ( P > 500MW
 5145 10    RCDSIESI   1   1                          -105.  150.
 5147 10    RCDALSSI   1   1                          -105.  150.
 5509 10    TERESISI   1   1                          -105.  150.        8.25
 5520 10    UBE1--UH       2               47.1   49.  -26.   26.       19.04
 5522 10 50 UBE2--UH       2               53.1  63.5  -40.   37.       19.04
 5523 10 50 BOAESPSI       2                           -38.   42.       19.04
( 5770 10 51 CAMACAUT       5                     70.0  -25.   35.      14.375
( 5771 10 51 CMDBP2SI       2                           -42.   63.      14.375
 5778 10    CMDBP1SI   2   2                          -105.  150.       8.228
 6294 10 52 SOBRADUH       6                46.  146.  -68.   97.        5.70    ( P = 146MW
( 6294 10 52 SOBRADUH       6                46.  175.  -39.   87.        5.70    ( P > 146MW
 6295 10 52 SOBRADSI       6                          -115.  115.        5.70
 6350 10    BJLAPASI   1   1                           -15.   30.       15.25
 6347 10    IRECE-SI   1   1                           -15.   30.       26.75
 5586 10    PDUTR1SI   1   1                           -70.  100.             
44074 10    PDUTR2SI   1   1                           -70.  100.             
 5596 10    IMPER1SI   1   1                           -70.  100.            
44075 10    IMPER2SI   1   1                           -70.  100.            
44077 10    IMPER3SI   1   1                           -70.  100.             
 6405 10    MARABASI   1   1                           -90.  150.        6.18
 6419 10    TUCUR1UH       5               203. 350.0 -105.  105.        3.44
 6420 10 60 TUCUR2UH       3               203. 350.0 -105.  105.        3.44
 6421 10 60 TUCUR2SI       2                          -280.  175.        3.44
 6422 10 61 TUCUR3UH       4               203. 350.0 -105.  105.        3.44
 6423 10 61 TUCUR3SI       1                          -280.  175.        3.44
 6424 10    TUCUR5UH       4               300. 390.0 -118.  118.        4.71
 6425 10    TUCUR6UH       7               300. 390.0 -118.  118.        4.71
 6411 10    GA1TUCUH       1                 8.  20.0 -10.9  10.9       24.35
 6412 10    GA2TUCUH       1                 8.  22.5 -10.9  10.9       24.35
 6465 10    VCONDESI   2   2                           -90.  150.        6.10
 8004 10    ALU_BIUH   1   1                    9999.-9999. 9999.
99751 10    CRU-G1UH       1                      10.  -7.5   7.5
99752 10    CRU-G2UH       1                      10.  -7.5   7.5
99753 10    CRU-G3UH       1                      10.  -3.4   3.4
 4596 10    CBA-G-UT       2                95. 160.0 -80.0  80.0       7.527
 4597 10    CBA-V-UT       1                40. 186.0 -93.0  93.0       6.481
 4846 10    JUBA--UH       4                     10.7  -5.0   5.0      80.000
 4831 10    JUBA2-UH       4                     10.7  -5.0   5.0      80.000
 4809 10    JAURU-UH       3                     40.5 -28.8  19.8      27.178
 4804 10    GUAPO-UH       3                     41.4 -28.8  19.8      26.667
 7206 10    LAJEADUH       5               100. 180.0 -57.0  57.0       6.320
 3974 10    ELTB-GUT       8                35.  45.6  -18.   26.      20.833    ( UTE Barbosa Lima Sobrinho - Eletrobolt
 3977 10    MERCHAUT      12                35.  45.6  -35.   38.      18.182    ( UTE Mario Lago - Macaé Merchant
 3978 10    MERCH-UT       8                35.  45.6  -26.   34.      18.182    ( UTE Mario Lago - Macaé Merchant
 5466 10    UJSP--UT       2               110. 162.0  -50.  107.       8.537    ( UTE Vale do Açu
 4203 10    TRG11-UT       1                65. 120.0  -61.  76.8       8.000
44324 10    TRG12-UT       1                65. 120.0  -61.  76.8       8.000
 4204 10    TRV18-UT       1                40. 184.0  -79.  110.       6.560
 4206 10    TRG21-UT       1                65. 120.0  -61.  76.8       8.000
44325 10    TRG22-UT       1                65. 120.0  -61.  76.8       8.000
 4205 10    TRV28-UT       1                40. 120.0  -61.  76.8       8.000
 4207 10    TRG31-UT       1                65. 120.0  -61.  76.8       8.000
44326 10    TRG32-UT       1                65. 120.0  -61.  76.8       8.000
 4208 10    TRV38-UT       1                40. 120.0  -61.  76.8       8.000
 3962 10    NFLU-GUT       3               130.  190.  -70.  120.       4.674
 3963 10    NFLU-VUT       1                60.  291. -110.  180.       3.249
 5975 10    ITAPEBUH       3                90. 150.0 -107.   64.       8.156
 4523 10    ITIQ-1UH       2                     30.4 -21.1  15.2      41.420
 4525 10    ITIQ-2UH       2                     47.6 -37.0  23.8      26.470
 5827 10    CFURTAUT       1               100.  197. -114.  158.       4.848    ( UTE Celso Furtado - Termo Bahia
 9500 10    SIMPL-UH       3                    101.9 -49.4  49.4      10.587
  614 10    PIRAJUUH       2                20.  40.5 -25.2  19.6      24.444
 1152 10    STIA-GUT       1                90.  160.  -75.  105.        5.77
 1169 10    STIA-VUT       1                45.   88. -28.5  54.8.089365.6638
 1585 10    IBIR-GUT       1                90. 164.0 -75.0 123.3       5.628    ( UTE Aureliano Chaves - Ibirité
 1586 10    IBIRITUT       1                50.  84.0 -46.5  51.5      11.164    ( UTE Aureliano Chaves - Ibirité
 4300 10    TLGA-GUT       2                58.  64.0 -22.7  47.4       16.66    ( UTE Luis Carlos Prestes - Três Lagoas A
 3524 10    TLGA-VUT       1                58.  64.0 -17.0  47.4       16.66    ( UTE Luis Carlos Prestes - Três Lagoas A
 4301 10    TLGB-GUT       2                58.  64.0 -22.7  47.4       16.66    ( UTE Luis Carlos Prestes - Três Lagoas B
 3525 10    TLGB-VUT       1                58.  64.0 -17.0  47.4       16.66    ( UTE Luis Carlos Prestes - Três Lagoas B
 9100 10    ROCH-GUT       1                90.  160. -120.  120.      7.1022    ( UTE Euzébio Rocha - Cubatão
 9101 10    ROCH-VUT       1                35.   50.  -38.   38.      4.8756    ( UTE Euzébio Rocha - Cubatão
( 5372 10    RNEST-PE       1                      50.  -25.   47.        4.26    ( UTE Refinaria Abreu e Lima
 5660 10    TERMOCUT       4                30.  55.0  -25.   38.       23.90
( 5661 10    TERMOCEV       1                     84.0  -25.   53.       12.00
 5654 10    T.FTZGUT       2                40. 107.0 -39.5   79.       8.571
 5655 10    T.FTZVUT       1                69. 110.0 -47.7   76.       8.163
 2836 10    QQUEIXUH       3                15.  40.4 -18.0  19.0 0.756 27.11
 5151 10    TERPEGUT       2                    164.0 -64.0 111.5       6.148
 5154 10    TERPEVUT       1                    207.0-107.0 149.9       4.400
 1150 10 70 BGRANDUH       3               190.  230.  -76.   76.       5.595
 1151 10 70 BGRANDSI       3                          -210.  98.0       5.595
 5888 10    P.CAVAUH       2                40.  81.0 -50.4  39.2       8.000
 2031 10    OURIN-UH       3                     14.8  -7.8   7.2      72.971
 4016 10    PICADAUH       2               12.5  26.5  -12.  12.0      18.500
 4520 10    P.PEDRUH       3                40.  58.7 -19.3  20.0      17.800
 1159 10    MCLAROUH       2                20.   65.  -30.   30. 0.191  16.0
 1166 10    CALVESUH       3              19.44   43. -15.0  21.0         9.2
 1168 10    14JUL-UH       2              15.54  51.8  -24.   24.         9.2
 4100 10    JFORA1UT       1                35.  43.5 -21.0  28.0      24.000
 4180 10    JFORA-UT       1                35.  43.5 -21.0  28.0      24.000
 1511 10    S.CLARUH       3               10.1  20.0  -6.6   6.6      45.600
 1559 10    CANDONUH       3                25.  47.6 -51.4  33.2       22.01    ( UHE Risoleta Neves - Candonga
 7110 10    PEIXEAUH       3                70. 166.3-100.0  55.0       6.857
 4052 10    AMADO1UH       3               51.1  81.0  -26.   26.       14.04
 4054 10    AMADO2UH       3                35. 70.33  -22.   22.       16.17
 1157 10 80 CNOVOSUH       3               120. 293.3  -77.   97.       4.111
 1158 10 80 CNOVOSSI       3                          -197.  180.       4.111
 3641 10    CORUM4UH       2                45.  64.6 -24.0  24.0       18.05
 3744 10    ESPORAUH       3                    10.67 -5.16  5.16
 8904 10    CST1-2UT       1                     54.0 -30.0  48.0
 8904 20    CST1-2UT       1                     54.0 -30.0  48.0
 8905 10    CST3-4UT       1                     68.0 -22.0  42.0
 8905 20    CST3-4UT       1                     68.0 -22.0  42.0
 8906 10    SOL.--UT       2                20.  98.0 -46.0  61.0
 8907 10    CSTTRTUT       1                     20.0  -9.0  21.0
( 5978 10    VERACEUT       1                    123.9 -22.5  40.0       12.54    ( Temporariamente fora para análise dos modelos
 6912 10    T.N2-GUT       3               37.6 76.66 -26.0  39.0      11.435
 6913 10    T.N2-VUT       1                40. 115.0 -36.0  55.0       8.520
 6891 10    SAMU1-UH       5                20. 43.20 -14.0  21.0      29.680
 6831 10    ROND2-UH       3                10.  24.5 -11.9  11.9      46.515
 5188 10    TMANAUUT       1                    142.7 -107.  107.
 5187 10    PFERROUT       1                3.4  94.1 -70.6  70.6        12.0
 5240 10    POT1--UT       2                10.  24.9 -18.6  18.6        35.2
 5242 10    POT3--UT       3                10.  23.2 -17.4  17.4        35.2
 5764 10    MURICIUT       8               11.1  18.5-13.87 13.87
 5762 10    AREMBEUT      60              1.875   2.5 -1.87  1.87
 5557 10    TOC.I1UT      10                     8.73 -3.82  6.55
 5558 10    TOC.I2UT       9                     8.73 -3.82  6.55
 6447 10    NOLI1-UT      10                     8.73 -3.82  6.55
 6448 10    NOLI2-UT       9                     8.73 -3.82  6.55
 5820 10    GLOBA1UT      60              1.736  2.48  -1.2   1.2
 5823 10    GLOBA2UT      60              1.736  2.48  -1.2   1.2
 5609 10    PITAQUUT       1               240. 360.0 -125.  210. .019 3.1764
 5658 10    PPECEMUT       2               240. 360.0 -125.  210. .019 3.1764
 5659 10    PPD---UT       1               240. 360.0 -125.  210. .019 3.1764
 5178 10    PEIII-UT      23                1.1  8.73 -3.82  6.55
 5647 10    MARIV-UT       2               100. 168.8 -47.0  109. .059 7.1953
 5648 10    MARV--UT       2               100. 168.8 -47.0  109. .059 7.1953
 5650 10    NVNC2-UT       1               100. 168.8 -47.0  109. .059 7.1953
 6021 10    SUP1--UT       3             22.379  22.4   -7.  16.8
 6022 10    SUP2--UT       3             22.379  22.4   -7.  16.8
 6023 10    SUP3--UT       3             22.379  22.4   -7.  16.8
 6024 10    SUP4--UT       3             22.379  22.4   -7.  16.8
 6025 10    SUP5--UT       3             22.379  22.4   -7.  16.8
 6026 10    SUP6--UT       2             22.379  22.4   -7.  16.8
 6314 10    PET---UT       8               15.2  16.0  -8.0   19.
 5134 10    TCB---UT       3                     16.0  -8.0   14.
 5220 10    CGRAN-UT      20              4.732  8.45  -6.3   6.3
 5218 10    UTEPB-UT      20               5.68  8.54  -6.4   6.4
 5219 10    UTENE-UT      20               5.68  8.54  -6.4   6.4
 5460 10    MRU---UT       8               16.3  20.3  -9.8   9.8
 5646 10    MAR3-GUT       2               130. 168.8 -90.5  73.0        7.10
 5815 10    MAR3-VUT       1               140. 173.2-109.6  64.9        7.78
 5642 10    PARNIVUT       3                17. 18.77 -15.0 13.75
 9627 10    BFLUMGUT       2              106.6 172.0 -95.0 112.5       6.087
 9628 10    BFLUMVUT       1               53.3 186.0 -85.0 120.0.043226.2168
 4068 10    R.BAIXUH       2               9.34  43.7 -41.0  30.0       15.09
 9600 10    CSA-G-UT       1                40.  128.  -96.   96.        10.0    ( UTE do Atlântico - ThyssenKrupp CSA
 9615 10    CSA-G2UT       1                40.  128.  -96.   96.        10.0    ( UTE do Atlântico - ThyssenKrupp CSA
 9603 10    CSA-V-UT       1                50.  310. -233.  233.        4.52    ( UTE do Atlântico - ThyssenKrupp CSA
 8910 10    VIANA1UT      10               6.98  8.73 -6.50  6.50
 8911 10    VIANA2UT      10               6.98  8.73 -6.50  6.50
 9026 10    LINH--UT      24                8.5   8.5  -3.3   4.6                ( UTE Luis Oscar Rodrigues de Melo - LORM - Linhares
 1873 10    CAARAPBI       2                     38.0 -28.5  28.5
 1875 10    SFERNABI       2                     48.0 -36.0  36.0
 1888 10    LDCBRIBI       1                     40.0 -30.0  30.0
 1888 20    LDCBRIBI       1                     50.0 -37.5  37.5
 9682 10    AMANDIBI       3                     40.0-11.25   30.
 9561 10    ELDORABI       1                      12.  -7.5    9.
 9561 20    ELDORABI       1                      12.  -7.5    9.
 9561 30    ELDORABI       2                11.   58. -13.0   25.
 1874 10    VALEGRBI       1    30.  22.5        30.0 -22.5  22.5
 1874 20    VALEGRBI       1   31.9 15.45        31.9-15.45 15.45
 1874 30    VALEGRBI       1   32.9 15.93        32.9-15.93 15.93
 4890 10    DARDA1UH       4               34.8  56.0  -32.   32.      16.975
 4891 10    DARDA2UH       1               17.4  28.0  -16.   16.      34.109
 5595 10    ESTREIUH       8                    135.9-67.63 67.63      10.323
 1173 10    CANDI3UT       1               175.  350. -115.  160.        3.82
 1070 10 71 FCHAPEUH       4               150. 213.8 -70.3  70.3       5.732
 1073 10 71 FCHAPESI       3                          -193.   93.       5.732
 9451 10    CACUI-UT       2                 4.  50.0 -37.5  37.5      41.653
 9451 20    CACUI-UT       1                 2.  30.0 -22.5  22.5      41.653
 9452 10    QUIRI-UT       2                     50.0 -37.5  37.5      24.000
 9453 10    BVISTAUT       2                     40.0 -30.0  30.0      33.333
 9448 10    CACU--UH       2                    32.50-11.70 15.74
 9442 10    SALTO-UH       2                    60.75-19.40 29.42  0.0917.777
 9449 10    BCOQUEUH       2                    45.00-16.20 21.79
 9443 10    S.R.V-UH       2                    47.45-13.70 20.68      17.777
 9447 10    FRCLARUH       2                    34.20-10.90 16.56      31.579    ( UHE José Luiz Muller de Godoy Pereira - Foz do Rio Claro
 3014 10    SERRA-UH       2                   106.29-51.48 51.48       10.42
( CF1 - 08 UG 5 pas
 7050 10    SA-MD-UH       4                11.  69.5 -35.9  35.9       18.17    ( RT Andritz / RV Voith
 7050 20    SA-MD-UH       4                11.  69.5 -35.9  35.9       18.17    ( RT Alstom  / RV Alstom
( CF 2 e 3 - 16UG - 4 pas - P. média = 73.3MW e 08UG - 5 pas - P. média = 69.5MW
 7064 10    SA-ME-UH      12                21. 72.04 -35.9  35.9       18.17    ( RT Andritz / RV Voith
 7064 20    SA-ME-UH      12                21. 72.04 -35.9  35.9       18.17    ( RT Alstom  / RV Alstom
( CF4 - 08UG - 4 pas - P. média = 73.3MW e 04UG - 5 pas - P. média = 69.5MW
 7062 10    SA-LR-UH       8                21. 72.04 -35.9  35.9       18.17    ( RT Andritz / RV Voith
 7062 20    SA-LR-UH       4                21. 72.04 -35.9  35.9       18.17    ( RT Alstom  / RV Alstom
( UG45 a UG47 agrupadas
 6888 10    SA-AD1UH       3                21. 72.04 -35.9  35.9                ( RT Andritz / RV Voith
( UG45 a UG47 desagrupadas
( 6888 10    SA-AD1UH       1                21. 72.04 -35.9  35.9                ( UG45 - RT Andritz / RV Voith
( 6888 20    SA-AD1UH       1                21. 72.04 -35.9  35.9                ( UG46 - RT Andritz / RV Voith
( 6888 30    SA-AD1UH       1                21. 72.04 -35.9  35.9                ( UG47 - RT Andritz / RV Alstom
( UG48 a UG50 agrupadas
 6892 10    SA-AD2UH       3                21. 72.04 -35.9  35.9                ( RT Alstom / RV Alstom
( UG48 a UG50 desagrupadas
( 6892 10    SA-AD2UH       1                21. 72.04 -35.9  35.9                ( UG48 - RT Andritz / RV Voith
( 6892 20    SA-AD2UH       1                21. 72.04 -35.9  35.9                ( UG49 - RT Alstom  / RV Voith
( 6892 30    SA-AD2UH       1                21. 72.04 -35.9  35.9                ( UG50 - RT Alstom  / RV Alstom
 7051 10    JIR-MDUH      28                22.  75.0 -36.7  36.7      19.068
 7061 10    JIR-MEUH      22                22.  75.0 -36.7  36.7      19.068
 5698 10    SUZAN-UT       2                 6. 127. -41.98 71.96        8.94
 8224 10    CNUNE1UH       2               6.38  24.0 -7.90  7.90                ( fp = .95
 8225 10    CNUNE2UH       1               6.88  30.0 -9.49  9.49                ( fp = .95
( 8235 10    SANT1-UT       4                5.0  15.0 -8.10  8.10                ( fp = .90 ?
( 8236 10    SANT2-UT       3                8.0  15.0 -11.0  11.0                ( fp = .90
 8269 10    SA.JARUH       3               36.5 123.3 -46.0 59.8 0.21588.8474
 8279 10    FGOMESUH       3                21.   84.  -28.   41.       13.93    ( fp = .90
 8597 10    BALBEQUH       5                20.   50.-24.19 24.19       20.75    ( fp = .90
( Operando com GAS
 8612 10    PIEJR2UT      11               1.64 3.282 -1.93  2.67                ( fp = .90 under .80 overx
 8616 10    PIEJR1UT      12               1.64 3.282 -1.93  2.67                ( fp = .90 under .80 overx
( Operando com GAS e OLEO
( 8612 20    PIEJR2UT       2               6.45  18.9 -10.8  18.9
( 8616 20    PIEJR1UT       1               2.61  7.68 -4.65   7.6
( 8616 30    PIEJR1UT       2               6.45  18.9 -10.8  18.9
( Operando com GAS
 8615 10    PIETB1UT      12               1.64 3.282 -1.93  2.67                ( fp = .90 under .80 overx
 8617 10    PIETB2UT      11               1.64 3.282 -1.93  2.67                ( fp = .90 under .80 overx
( Operando com GAS e OLEO
( 8615 20    PIETB1UT       1               2.61  7.68 -4.65   7.6
( 8615 30    PIETB1UT       2               6.45  18.9 -10.8  18.9
( 8617 20    PIETB2UT       1               6.45  18.9 -10.8  18.9
( 8617 30    PIETB2UT       1               6.45  18.9 -10.8  18.9
 8609 10    PIE-MAUT       5                5.8 17.07-12.81 12.81                ( fp = .80
 8610 10    PIEGERUT       5                5.8 17.07-12.81 12.81                ( fp = .80
 8611 10    CROCHAUT       5                5.8 17.07-12.81 12.81                ( fp = .80
 8646 10    APARE1UT       2                 5.  49.8-30.86 30.86                ( fp = .85
 8653 10    APARE2UT       2                 5.  45.0-37.49 37.49                ( fp = .85
( 8595 10    MAUABLUT       2                 4.  65.0-32.69 32.69                ( fp = .90
( 8592 10    MUBL4DUT       6                11. 15.75-12.48 12.48                ( fp = .80
( 8594 10    MUBL4MUT       4                11. 15.75-12.48 12.48                ( fp = .80
 8535 10    MAUAG1UT       2              106.7 187.5  -75.  120. .0420 5.600
 8538 10    MAUAG2UT       1                50.  208.  -82.  131. .0430 5.420
 4462 10    COLID-UH       3                30.  100.  -39. 48.43 .29   9.174
 4492 10    TPIRESUH       5               182.  364. -141. 155. 0.05223.9197
 6555 10    PMTBL1UH       2               9.61  38.9  -6.5  12.0
 6556 10    PMTBL2UH       2               9.61  38.9  -6.5  12.0
 6559 10    PMTBL3UH       2               9.61  38.9  -6.5  12.0
 6729 10    BMONTEUH       9               305. 611.1 -280.  275. .029 3.1242
 6729 20    BMONTEUH       5               305. 611.1 -280.  275. .029 3.1242
 6729 30    BMONTEUH       4               305. 611.1 -280.  275. .029 3.1242
 6728 10    BMONTESI       3                          -370.  423. .029 3.1242
 8276 10    CALDEIUH       3                23.   73. -35.7  35.7 .212514.285
 4489 10    SMANO-UH       4                85.  175. -68.  84.7 .0878 7.0764
 4478 10    SINOP-UH       2                61.  201. -97.3  97.3 .0956 6.677
 5746 10    CSP---UT       2                    100.3 -29.5  103.       4.667
 5799 10    CSP---UT       1                      18.   -8.   16.       66.67
 6104 10    PROSP-UT       3               3.73 9.34  -5.7   7.0        23.64
 6552 10    RUROP-SI       1                           -55.  110.       10.91
 9356 10    BAIGUAUH       3                40. 117.6 -45.0  56.0 0.209 9.087
99019 10    UY EQ---       1                    9999.-9999. 9999.
 8800 10    BINF--RO       1                    9999.-9999. 9999.
(
( |----------------------------------------------------------------------------------------|
( |  Novas usinas e CS incluidas no caso do PEL a partir das usinas futuras                |
( |----------------------------------------------------------------------------------------|
(
( Nb) Gp Co ( Nome ) Umn Umx (Pbas)(Qbas)(Pmin)(Pmax)(Qmin)(Qmax)(Rtrf)(Xtrf)(%)
(9503 10    ANTA--UH       2                 7.  14.0 -7.75  7.75        75.0
 5700 10    PSE-G-UT       3               170.  333. -160.  160.        1.86
 5800 10    PSE-V-UT       1               260.  515. -250.  250.        1.86
  998 10    PAMPASUT       1               140.  350. -115.  160.        3.82
  402 10    ARARQ2SI       3                         -171.6331.150.08313.0503
 9504 10    T.RIO-SI       2                           -75.  150.        6.18
 6537 10    TAPAJOSI       1                           -75.  150.      6.2933
 6970 10    ARIQU-SI       1                          -87.0 167.00.1781 6.301
 6885 10    JIPAR-SI       1                          -87.0 167.00.1781 6.301
(
( |----------------------------------------------------------------------------------------|
( |  Usinas e CS FUTUROS                                                                   |
( |----------------------------------------------------------------------------------------|
(
( Nb) Gp Co ( Nome ) Umn Umx (Pbas)(Qbas)(Pmin)(Pmax)(Qmin)(Qmax)(Rtrf)(Xtrf)(%)
 9766 10    NARDINBI       1    10.   7.5        10.0  -7.5   7.5
 9766 20    NARDINBI       1    15.  11.3        15.0 -11.3  11.3
 9766 30    NARDINBI       2    25.  18.8        25.0 -18.8  18.8
44327 10    GNAPAIIG       3                    367.0 -130.  215.       2.318
44410 10    GNAPAIIV       1                    467.0 -200.  340.       1.485
44329 10    MARLIMAZ       1                    566.0 -210.  350.       1.414
 8423 10    BARCAREN       2                    303.0 -110.  180.       2.812
 8421 10    PROSPER2       4               3.73  9.34 -5.7   7.0        23.64
 9740 10    SAOROQUH       3                24.  45.0 -14.8  14.8
 2085 10    LIVRA3SI       2                           -90.  150.        8.00
 4376 10    JANAU3SI       2                           -90.  150.        3.82
10322 10    MARMELE2       1                           -90.  150.       6.667
(
999999